25
24
18
16
16
14
22
23
25
15
32
18
23
23
22
28
21
22
24
24
25
22
33
15
21
23
24
14
24
15
16
16
24
23
23
27
17
10
30
17
19
20
20
19
21
20
20
24
20
21
21
20
13
24
25
20
25
15
24
22
28
27
24
21
19
24
31
21
23
23
28
15
24
16
36
20
22
18
27
20
30
25
17
24
23
12
21
22
29
16
26
21
14
29
29
27
18
34
25
17
23
24
22
20
34
26
15
18
19
17
36
27
16
23
16
25
12
15
25
19
22
20
20
12
26
21
32
23
14
21
19
18
22
28
26
23
33
19
24
25
28
14
27
29
16
23
29
18
26
16
23
25
20
24
16
17
25
31
27
25
16
15
27
21
17
18
22
19
21
17
20
22
19
17
22
18
24
16
22
15
22
24
21
17
24
22
15
25
21
22
18
34
17
27
18
29
23
19
23
13
27
22
27
24
27
18
29
30
25
28
22
31
24
35
14
17
18
31
14
15
30
26
15
16
26
21
20
24
17
22
18
19
20
21
15
14
18
16
27
22
21
19
15
21
18
21
31
27
25
14
18
17
21
18
18
25
14
21
16
25
19
21
15
26
16
23
17
15
30
21
30
23
19
25
22
25
13
20
26
19
25
26
29
25
25
25
14
14
15
18
15
29
26
21
23
20
22
13
16
25
25
27
17
25
24
19
27
24
22
20
20
16
25
27
19
15
29
18
22
26
30
22
15
18
25
30
27
19
24
24
24
25
15
23
26
20
22
21
30
24
23
29
16
20
21
24
28
30
18
25
18
9
21
27
18
27
21
27
21
32
16
29
13
29
22
20
22
24
19
22
29
21
22
15
20
30
31
13
26
24
15
24
28
23
12
23
21
22
20
24
24
18
29
21
26
15
14
29
22
22
14
21
26
19
18
12
24
21
25
12
25
20
19
16
26
17
16
22
21
16
19
23
22
23
17
18
18
13
20
22
19
21
24
26
22
28
15
15
21
22
21
24
34
16
26
25
32
21
15
21
21
19
14
22
22
21
18
23
20
22
26
20
27
18
21
22
16
20
24
15
29
19
13
21
28
19
21
20
22
25
23
22
16
24
28
27
27
25
22
23
17
22
26
27
26
19
20
23
27
32
22
29
19
16
23
24
25
24
30
24
20
23
14
23
17
21
23
22
18
15
16
20
19
28
15
37
19
16
19
25
18
26
18
24
24
15
11
20
19
21
22
30
20
23
26
30
31
25
19
15
27
23
22
30
16
22
24
21
16
14
20
21
29
18
23
19
26
14
29
27
26
18
22
19
19
26
23
36
23
21
22
20
20
28
27
21
17
15
24
23
17
26
31
19
23
21
24
27
21
25
22
19
18
20
18
16
24
21
29
20
14
22
21
21
17
19
27
26
24
23
16
21
20
24
19
23
19
10
22
32
21
21
18
23
27
20
27
23
25
27
24
18
21
31
20
23
28
23
30
18
22
24
22
23
23
18
19
26
18
18
23
24
18
13
15
19
26
23
19
24
24
23
20
15
21
21
27
23
24
13
24
25
24
18
25
16
29
21
22
18
19
18
22
19
24
20
15
20
21
25
22
10
26
22
22
28
26
20
16
18
24
26
27
30
24
22
21
24
24
28
19
20
22
20
26
32
28
23
25
17
20
28
20
24
24
20
22
21
25
20
30
26
20
25
29
24
28
21
24
32
19
18
30
16
15
19
20
24
21
20
14
24
24
23
13
27
19
35
23
23
17
16
17
19
23
14
22
24
31
20
21
27
16
25
13
24
28
17
17
15
19
22
25
13
21
21
33
23
22
21
23
17
25
19
17
19
24
26
23
18
23
22
20
16
17
23
26
24
21
17
26
24
25
19
20
18
29
10
17
27
23
24
31
20
24
11
24
27
14
26
25
28
15
18
16
24
21
21
20
21
14
25
15
15
27
22
23
20
23
28
13
23
25
26
16
23
30
25
24
26
19
16
21
27
14
21
18
16
24
21
20
33
23
26
24
19
22
23
15
13
33
26
22
28
16
23
22
24
28
25
17
22
22
19
7
17
31
22
23
23
23
27
23
27
17
19
21
27
26
20
21
20
25
23
24
18
21
26
23
16
19
20
22
21
33
27
22
29
21
22
28
21
23
19
27
24
22
22
19
28
22
20
30
22
18
21
22
21
16
18
21
18
19
17
22
22
16
21
20
16
22
17
11
27
27
24
23
14
19
28
20
22
20
21
27
18
25
31
32
20
28
27
25
28
15
28
15
22
26
24
18
29
28
18
27
22
28
28
22
14
24
30
19
22
